svm: [0.0, 0.0, 0.011764705882352941, 0.011764705882352941, 0.023529411764705882, 0.023529411764705882, 0.03529411764705882, 0.03529411764705882, 0.058823529411764705, 0.058823529411764705, 0.07058823529411765, 0.07058823529411765, 0.09411764705882353, 0.09411764705882353, 0.12941176470588237, 0.12941176470588237, 0.16470588235294117, 0.16470588235294117, 0.17647058823529413, 0.17647058823529413, 0.2, 0.2, 0.23529411764705882, 0.23529411764705882, 0.27058823529411763, 0.27058823529411763, 0.3176470588235294, 0.3176470588235294, 0.3764705882352941, 0.3764705882352941, 0.4823529411764706, 0.4823529411764706, 0.5294117647058824, 0.5294117647058824, 1.0]
lgm: [0.0, 0.0, 0.0, 0.017241379310344827, 0.017241379310344827, 0.034482758620689655, 0.034482758620689655, 0.06896551724137931, 0.06896551724137931, 0.08620689655172414, 0.08620689655172414, 0.13793103448275862, 0.13793103448275862, 0.20689655172413793, 0.20689655172413793, 0.2413793103448276, 0.2413793103448276, 0.4482758620689655, 0.4482758620689655, 0.46551724137931033, 0.46551724137931033, 1.0]
CatBoost: [0.0, 0.0, 0.0, 0.017241379310344827, 0.017241379310344827, 0.034482758620689655, 0.034482758620689655, 0.05172413793103448, 0.05172413793103448, 0.06896551724137931, 0.06896551724137931, 0.08620689655172414, 0.08620689655172414, 0.13793103448275862, 0.13793103448275862, 0.22413793103448276, 0.22413793103448276, 0.3275862068965517, 0.3275862068965517, 0.43103448275862066, 0.43103448275862066, 0.5, 0.5, 1.0]
rf: [0.0, 0.0, 0.0, 0.017241379310344827, 0.017241379310344827, 0.13793103448275862, 0.13793103448275862, 0.1724137931034483, 0.1724137931034483, 0.1896551724137931, 0.1896551724137931, 0.20689655172413793, 0.20689655172413793, 0.41379310344827586, 0.41379310344827586, 0.5172413793103449, 0.5172413793103449, 1.0]
