svm: [0.0, 0.0, 0.0, 0.012987012987012988, 0.012987012987012988, 0.025974025974025976, 0.025974025974025976, 0.03896103896103896, 0.03896103896103896, 0.05194805194805195, 0.05194805194805195, 0.06493506493506493, 0.06493506493506493, 0.2597402597402597, 0.2597402597402597, 1.0]
lgm: [0.0, 0.0, 0.0, 0.019230769230769232, 0.019230769230769232, 0.057692307692307696, 0.057692307692307696, 0.07692307692307693, 0.07692307692307693, 0.1346153846153846, 0.1346153846153846, 0.6923076923076923, 0.6923076923076923, 1.0]
CatBoost: [0.0, 0.0, 0.0, 0.019230769230769232, 0.019230769230769232, 0.038461538461538464, 0.038461538461538464, 0.07692307692307693, 0.07692307692307693, 0.09615384615384616, 0.09615384615384616, 0.3076923076923077, 0.3076923076923077, 1.0]
rf: [0.0, 0.0, 0.0, 0.019230769230769232, 0.019230769230769232, 0.038461538461538464, 0.038461538461538464, 0.057692307692307696, 0.057692307692307696, 0.09615384615384616, 0.09615384615384616, 0.19230769230769232, 0.19230769230769232, 0.38461538461538464, 0.38461538461538464, 1.0]
