svm: [0.0, 0.011764705882352941, 0.011904761904761904, 0.012987012987012988, 0.023529411764705882, 0.025974025974025976, 0.03529411764705882, 0.03571428571428571, 0.03896103896103896, 0.047619047619047616, 0.05194805194805195, 0.058823529411764705, 0.05952380952380952, 0.06493506493506493, 0.07058823529411765, 0.07142857142857142, 0.09411764705882353, 0.09523809523809523, 0.12941176470588237, 0.13095238095238096, 0.15476190476190477, 0.16470588235294117, 0.16666666666666666, 0.17647058823529413, 0.19047619047619047, 0.2, 0.20238095238095238, 0.21428571428571427, 0.2261904761904762, 0.23529411764705882, 0.2597402597402597, 0.2619047619047619, 0.27058823529411763, 0.2857142857142857, 0.3176470588235294, 0.3764705882352941, 0.4166666666666667, 0.4642857142857143, 0.4823529411764706, 0.5294117647058824, 0.5714285714285714, 1.0]
lgm: [0.0, 0.017241379310344827, 0.018518518518518517, 0.019230769230769232, 0.034482758620689655, 0.037037037037037035, 0.057692307692307696, 0.06896551724137931, 0.07407407407407407, 0.07692307692307693, 0.08620689655172414, 0.09259259259259259, 0.1111111111111111, 0.12962962962962962, 0.1346153846153846, 0.13793103448275862, 0.16666666666666666, 0.20689655172413793, 0.2413793103448276, 0.2962962962962963, 0.3333333333333333, 0.35185185185185186, 0.4482758620689655, 0.46551724137931033, 0.6923076923076923, 1.0]
CatBoost: [0.0, 0.017241379310344827, 0.018518518518518517, 0.019230769230769232, 0.034482758620689655, 0.037037037037037035, 0.038461538461538464, 0.05172413793103448, 0.05555555555555555, 0.06896551724137931, 0.07407407407407407, 0.07692307692307693, 0.08620689655172414, 0.09615384615384616, 0.12962962962962962, 0.13793103448275862, 0.2222222222222222, 0.22413793103448276, 0.2777777777777778, 0.3076923076923077, 0.3275862068965517, 0.4074074074074074, 0.42592592592592593, 0.43103448275862066, 0.5, 1.0]
rf: [0.0, 0.017241379310344827, 0.018518518518518517, 0.019230769230769232, 0.037037037037037035, 0.038461538461538464, 0.057692307692307696, 0.07407407407407407, 0.09259259259259259, 0.09615384615384616, 0.1111111111111111, 0.12962962962962962, 0.13793103448275862, 0.1724137931034483, 0.1896551724137931, 0.19230769230769232, 0.2037037037037037, 0.20689655172413793, 0.24074074074074073, 0.25925925925925924, 0.2777777777777778, 0.2962962962962963, 0.3148148148148148, 0.37037037037037035, 0.38461538461538464, 0.41379310344827586, 0.5172413793103449, 0.5370370370370371, 0.5925925925925926, 1.0]
