svm: [0.0, 0.0, 0.0, 0.011904761904761904, 0.011904761904761904, 0.03571428571428571, 0.03571428571428571, 0.047619047619047616, 0.047619047619047616, 0.05952380952380952, 0.05952380952380952, 0.07142857142857142, 0.07142857142857142, 0.09523809523809523, 0.09523809523809523, 0.13095238095238096, 0.13095238095238096, 0.15476190476190477, 0.15476190476190477, 0.16666666666666666, 0.16666666666666666, 0.19047619047619047, 0.19047619047619047, 0.20238095238095238, 0.20238095238095238, 0.21428571428571427, 0.21428571428571427, 0.2261904761904762, 0.2261904761904762, 0.2619047619047619, 0.2619047619047619, 0.2857142857142857, 0.2857142857142857, 0.4166666666666667, 0.4166666666666667, 0.4642857142857143, 0.4642857142857143, 0.5714285714285714, 0.5714285714285714, 1.0]
lgm: [0.0, 0.0, 0.0, 0.018518518518518517, 0.018518518518518517, 0.037037037037037035, 0.037037037037037035, 0.07407407407407407, 0.07407407407407407, 0.09259259259259259, 0.09259259259259259, 0.1111111111111111, 0.1111111111111111, 0.12962962962962962, 0.12962962962962962, 0.16666666666666666, 0.16666666666666666, 0.2962962962962963, 0.2962962962962963, 0.3333333333333333, 0.3333333333333333, 0.35185185185185186, 0.35185185185185186, 1.0]
CatBoost: [0.0, 0.0, 0.0, 0.018518518518518517, 0.018518518518518517, 0.037037037037037035, 0.037037037037037035, 0.05555555555555555, 0.05555555555555555, 0.07407407407407407, 0.07407407407407407, 0.12962962962962962, 0.12962962962962962, 0.2222222222222222, 0.2222222222222222, 0.2777777777777778, 0.2777777777777778, 0.4074074074074074, 0.4074074074074074, 0.42592592592592593, 0.42592592592592593, 1.0]
rf: [0.0, 0.018518518518518517, 0.018518518518518517, 0.037037037037037035, 0.037037037037037035, 0.07407407407407407, 0.07407407407407407, 0.09259259259259259, 0.09259259259259259, 0.1111111111111111, 0.1111111111111111, 0.12962962962962962, 0.12962962962962962, 0.2037037037037037, 0.2037037037037037, 0.24074074074074073, 0.24074074074074073, 0.25925925925925924, 0.25925925925925924, 0.2777777777777778, 0.2777777777777778, 0.2962962962962963, 0.2962962962962963, 0.3148148148148148, 0.3148148148148148, 0.37037037037037035, 0.37037037037037035, 0.5370370370370371, 0.5370370370370371, 0.5925925925925926, 0.5925925925925926, 1.0]
