svm: [0.0, 0.02631578947368421, 0.02631578947368421, 0.05263157894736842, 0.05263157894736842, 0.2631578947368421, 0.2631578947368421, 0.3684210526315789, 0.3684210526315789, 0.4473684210526316, 0.4473684210526316, 0.5526315789473685, 0.5526315789473685, 0.6842105263157895, 0.6842105263157895, 0.7368421052631579, 0.7368421052631579, 0.7631578947368421, 0.7631578947368421, 0.8157894736842105, 0.8157894736842105, 0.8421052631578947, 0.8421052631578947, 0.868421052631579, 0.868421052631579, 0.8947368421052632, 0.8947368421052632, 0.9210526315789473, 0.9210526315789473, 0.9473684210526315, 0.9473684210526315, 0.9736842105263158, 0.9736842105263158, 1.0, 1.0]
lgm: [0.0, 0.041666666666666664, 0.25, 0.25, 0.4166666666666667, 0.4166666666666667, 0.4583333333333333, 0.4583333333333333, 0.5, 0.5, 0.6666666666666666, 0.6666666666666666, 0.75, 0.75, 0.8333333333333334, 0.8333333333333334, 0.9166666666666666, 0.9166666666666666, 0.9583333333333334, 0.9583333333333334, 1.0, 1.0]
CatBoost: [0.0, 0.041666666666666664, 0.375, 0.375, 0.4166666666666667, 0.4166666666666667, 0.4583333333333333, 0.4583333333333333, 0.5, 0.5, 0.5833333333333334, 0.5833333333333334, 0.7083333333333334, 0.7083333333333334, 0.8333333333333334, 0.8333333333333334, 0.875, 0.875, 0.9166666666666666, 0.9166666666666666, 0.9583333333333334, 0.9583333333333334, 1.0, 1.0]
rf: [0.0, 0.041666666666666664, 0.125, 0.125, 0.25, 0.25, 0.625, 0.625, 0.75, 0.75, 0.7916666666666666, 0.7916666666666666, 0.9166666666666666, 0.9166666666666666, 0.9583333333333334, 0.9583333333333334, 1.0, 1.0]
