svm: [0.2748440219836101, 0.2836159518081715, 0.29216296035518, 0.34288759803633945, 0.41306303663283067, 0.43480216706761327, 0.46988988636585893, 0.49553091200688454, 0.5027772888184788, 0.5711533571945472, 0.5783997340061414, 0.6047155234798256, 0.6132625320268341, 0.6205089088384284, 0.655596628136674, 0.6812376537776995, 0.7250973029005064, 0.7592853370885407, 0.7768291967376636, 0.8024702223786893, 0.8110172309256978, 0.8197891607502591, 0.8283361692972676, 0.8458800289463905, 0.854427037493399, 0.8631989673179605, 0.871745975864969, 0.8802929844119776, 0.8888399929589861, 0.8976119227835474, 0.9048582995951419, 0.9134053081421504, 0.9221772379667117, 0.9307242465137202, 0.9394961763382815, 0.948268106162843, 0.9568151147098516, 0.9653621232568601, 0.9741340530814214, 0.982905982905983, 1.0, 1.0]
lgm: [0.39999999999999997, 0.45555555555555555, 0.4793650793650794, 0.5238095238095238, 0.5376984126984127, 0.6210317460317459, 0.6432539682539683, 0.6571428571428571, 0.669047619047619, 0.6801587301587301, 0.7357142857142857, 0.7476190476190476, 0.7714285714285714, 0.7833333333333333, 0.7944444444444444, 0.8222222222222223, 0.846031746031746, 0.8738095238095238, 0.9015873015873015, 0.9373015873015872, 0.9492063492063493, 0.9611111111111111, 0.9750000000000001, 0.9888888888888889, 1.0, 1.0]
CatBoost: [0.3726190476190476, 0.3865079365079365, 0.3984126984126984, 0.45396825396825397, 0.4678571428571429, 0.5511904761904761, 0.5956349206349206, 0.6095238095238095, 0.6571428571428571, 0.684920634920635, 0.7325396825396826, 0.7436507936507937, 0.7853174603174603, 0.7964285714285714, 0.8202380952380953, 0.861904761904762, 0.8738095238095238, 0.8876984126984127, 0.9234126984126984, 0.9345238095238096, 0.9484126984126985, 0.9603174603174603, 0.9722222222222222, 0.9861111111111112, 1.0, 1.0]
rf: [0.21944444444444444, 0.2611111111111111, 0.30873015873015874, 0.36428571428571427, 0.41190476190476194, 0.423015873015873, 0.43412698412698414, 0.4579365079365079, 0.4698412698412699, 0.5253968253968254, 0.5373015873015873, 0.5611111111111111, 0.6861111111111112, 0.7277777777777779, 0.7416666666666667, 0.7527777777777778, 0.7646825396825396, 0.8063492063492063, 0.8420634920634921, 0.8658730158730159, 0.9015873015873015, 0.9134920634920635, 0.9253968253968253, 0.9373015873015872, 0.9484126984126985, 0.9623015873015873, 0.9761904761904763, 0.9880952380952381, 1.0, 1.0]
