svm: [0.0, 0.02564102564102564, 0.10256410256410256, 0.10256410256410256, 0.1282051282051282, 0.1282051282051282, 0.20512820512820512, 0.20512820512820512, 0.41025641025641024, 0.41025641025641024, 0.4358974358974359, 0.4358974358974359, 0.5128205128205128, 0.5128205128205128, 0.6153846153846154, 0.6153846153846154, 0.6923076923076923, 0.6923076923076923, 0.717948717948718, 0.717948717948718, 0.7435897435897436, 0.7435897435897436, 0.7692307692307693, 0.7692307692307693, 0.7948717948717948, 0.7948717948717948, 0.8205128205128205, 0.8205128205128205, 0.8461538461538461, 0.8461538461538461, 0.8717948717948718, 0.8717948717948718, 0.8974358974358975, 0.8974358974358975, 0.9230769230769231, 0.9230769230769231, 0.9487179487179487, 0.9487179487179487, 1.0, 1.0]
lgm: [0.0, 0.03571428571428571, 0.25, 0.25, 0.32142857142857145, 0.32142857142857145, 0.5714285714285714, 0.5714285714285714, 0.6071428571428571, 0.6071428571428571, 0.6428571428571429, 0.6428571428571429, 0.7142857142857143, 0.7142857142857143, 0.75, 0.75, 0.8214285714285714, 0.8214285714285714, 0.9285714285714286, 0.9285714285714286, 0.9642857142857143, 0.9642857142857143, 1.0, 1.0]
CatBoost: [0.0, 0.03571428571428571, 0.14285714285714285, 0.14285714285714285, 0.17857142857142858, 0.17857142857142858, 0.42857142857142855, 0.42857142857142855, 0.5714285714285714, 0.5714285714285714, 0.7142857142857143, 0.7142857142857143, 0.7857142857142857, 0.7857142857142857, 0.8214285714285714, 0.8214285714285714, 0.9285714285714286, 0.9285714285714286, 0.9642857142857143, 0.9642857142857143, 1.0, 1.0]
rf: [0.0, 0.0, 0.14285714285714285, 0.14285714285714285, 0.2857142857142857, 0.2857142857142857, 0.35714285714285715, 0.35714285714285715, 0.39285714285714285, 0.39285714285714285, 0.42857142857142855, 0.42857142857142855, 0.5, 0.5, 0.5357142857142857, 0.5357142857142857, 0.6428571428571429, 0.6428571428571429, 0.7142857142857143, 0.7142857142857143, 0.8214285714285714, 0.8214285714285714, 0.8571428571428571, 0.8571428571428571, 0.8928571428571429, 0.8928571428571429, 0.9285714285714286, 0.9285714285714286, 0.9642857142857143, 0.9642857142857143, 1.0, 1.0]
