svm: [0.0, 0.021739130434782608, 0.6956521739130435, 0.6956521739130435, 0.8478260869565217, 0.8478260869565217, 0.9130434782608695, 0.9130434782608695, 0.9347826086956522, 0.9347826086956522, 0.9565217391304348, 0.9565217391304348, 0.9782608695652174, 0.9782608695652174, 1.0, 1.0]
lgm: [0.0, 0.03333333333333333, 0.7, 0.7, 0.8333333333333334, 0.8333333333333334, 0.9, 0.9, 0.9333333333333333, 0.9333333333333333, 0.9666666666666667, 0.9666666666666667, 1.0, 1.0]
CatBoost: [0.0, 0.03333333333333333, 0.6, 0.6, 0.7666666666666667, 0.7666666666666667, 0.9, 0.9, 0.9333333333333333, 0.9333333333333333, 0.9666666666666667, 0.9666666666666667, 1.0, 1.0]
rf: [0.0, 0.03333333333333333, 0.5333333333333333, 0.5333333333333333, 0.7, 0.7, 0.7333333333333333, 0.7333333333333333, 0.7666666666666667, 0.7666666666666667, 0.9333333333333333, 0.9333333333333333, 0.9666666666666667, 0.9666666666666667, 1.0, 1.0]
