UNet: [0.0, 0.02, 0.04, 0.056818181818181816, 0.06, 0.06818181818181818, 0.09090909090909091, 0.0963855421686747, 0.1, 0.11363636363636363, 0.12, 0.13253012048192772, 0.16, 0.1686746987951807, 0.18, 0.18072289156626506, 0.1927710843373494, 0.2289156626506024, 0.24, 0.3, 0.32, 0.3373493975903614, 0.3409090909090909, 0.36, 0.36363636363636365, 0.38, 0.42, 0.46987951807228917, 0.4772727272727273, 0.48, 0.5113636363636364, 0.52, 0.5301204819277109, 0.54, 0.5568181818181818, 0.56, 0.5662650602409639, 0.5681818181818182, 0.58, 0.6024096385542169, 0.62, 0.7045454545454546, 0.74, 0.76, 0.78, 0.8, 0.8192771084337349, 0.8313253012048193, 0.84, 0.9090909090909091, 0.92, 0.9318181818181818, 0.9659090909090909, 0.9759036144578314, 1.0]
VNet: [0.0, 0.011363636363636364, 0.012048192771084338, 0.024096385542168676, 0.03409090909090909, 0.04, 0.06, 0.08, 0.1, 0.11363636363636363, 0.12, 0.13253012048192772, 0.14, 0.1590909090909091, 0.16, 0.1686746987951807, 0.18, 0.20454545454545456, 0.2159090909090909, 0.22, 0.23863636363636365, 0.26, 0.3, 0.30120481927710846, 0.3132530120481928, 0.34, 0.3493975903614458, 0.36, 0.36363636363636365, 0.37349397590361444, 0.38, 0.40963855421686746, 0.42, 0.4578313253012048, 0.46, 0.46987951807228917, 0.48, 0.48863636363636365, 0.5180722891566265, 0.5340909090909091, 0.54, 0.5568181818181818, 0.56, 0.5681818181818182, 0.58, 0.62, 0.64, 0.6590909090909091, 0.66, 0.6704545454545454, 0.7272727272727273, 0.7469879518072289, 0.78, 0.82, 0.8674698795180723, 0.8795180722891566, 0.88, 1.0]
