UNet: [0.0, 0.011363636363636364, 0.012048192771084338, 0.04, 0.045454545454545456, 0.06, 0.060240963855421686, 0.07954545454545454, 0.08433734939759036, 0.1, 0.12, 0.12048192771084337, 0.125, 0.13253012048192772, 0.14, 0.14457831325301204, 0.16, 0.18072289156626506, 0.1927710843373494, 0.2, 0.20481927710843373, 0.22, 0.23863636363636365, 0.26136363636363635, 0.2840909090909091, 0.3, 0.3068181818181818, 0.32, 0.3373493975903614, 0.3522727272727273, 0.3977272727272727, 0.4, 0.42, 0.42045454545454547, 0.44, 0.4457831325301205, 0.48, 0.5060240963855421, 0.5180722891566265, 0.52, 0.56, 0.6, 0.62, 0.625, 0.6265060240963856, 0.6506024096385542, 0.66, 0.68, 0.7386363636363636, 0.76, 0.78, 0.7831325301204819, 0.84, 0.88, 0.9, 0.94, 0.9431818181818182, 0.963855421686747, 0.98, 1.0]
VNet: [0.0, 0.011363636363636364, 0.012048192771084338, 0.022727272727272728, 0.024096385542168676, 0.04, 0.06, 0.060240963855421686, 0.07228915662650602, 0.08, 0.1, 0.12, 0.1566265060240964, 0.1590909090909091, 0.16, 0.1686746987951807, 0.18, 0.19318181818181818, 0.22, 0.2289156626506024, 0.24096385542168675, 0.2727272727272727, 0.28, 0.30120481927710846, 0.3181818181818182, 0.32, 0.3253012048192771, 0.375, 0.38, 0.4, 0.4318181818181818, 0.44, 0.4578313253012048, 0.48, 0.5, 0.5340909090909091, 0.54, 0.5568181818181818, 0.5681818181818182, 0.6, 0.6022727272727273, 0.6144578313253012, 0.64, 0.66, 0.68, 0.6818181818181818, 0.6987951807228916, 0.7159090909090909, 0.72, 0.7469879518072289, 0.78, 0.8313253012048193, 0.8522727272727273, 0.86, 0.9204545454545454, 0.9397590361445783, 0.9518072289156626, 0.96, 0.98, 1.0]
