UNet: [0.0, 0.012048192771084338, 0.060240963855421686, 0.060240963855421686, 0.08433734939759036, 0.08433734939759036, 0.12048192771084337, 0.12048192771084337, 0.13253012048192772, 0.13253012048192772, 0.14457831325301204, 0.14457831325301204, 0.18072289156626506, 0.18072289156626506, 0.1927710843373494, 0.1927710843373494, 0.20481927710843373, 0.20481927710843373, 0.3373493975903614, 0.3373493975903614, 0.4457831325301205, 0.4457831325301205, 0.5060240963855421, 0.5060240963855421, 0.5180722891566265, 0.5180722891566265, 0.6265060240963856, 0.6265060240963856, 0.6506024096385542, 0.6506024096385542, 0.7831325301204819, 0.7831325301204819, 0.963855421686747, 0.963855421686747, 1.0]
VNet: [0.0, 0.012048192771084338, 0.024096385542168676, 0.024096385542168676, 0.060240963855421686, 0.060240963855421686, 0.07228915662650602, 0.07228915662650602, 0.1566265060240964, 0.1566265060240964, 0.1686746987951807, 0.1686746987951807, 0.2289156626506024, 0.2289156626506024, 0.24096385542168675, 0.24096385542168675, 0.30120481927710846, 0.30120481927710846, 0.3253012048192771, 0.3253012048192771, 0.4578313253012048, 0.4578313253012048, 0.6144578313253012, 0.6144578313253012, 0.6987951807228916, 0.6987951807228916, 0.7469879518072289, 0.7469879518072289, 0.8313253012048193, 0.8313253012048193, 0.9397590361445783, 0.9397590361445783, 0.9518072289156626, 0.9518072289156626, 1.0]
