UNet: [0.0, 0.011363636363636364, 0.045454545454545456, 0.045454545454545456, 0.07954545454545454, 0.07954545454545454, 0.125, 0.125, 0.23863636363636365, 0.23863636363636365, 0.26136363636363635, 0.26136363636363635, 0.2840909090909091, 0.2840909090909091, 0.3068181818181818, 0.3068181818181818, 0.3522727272727273, 0.3522727272727273, 0.3977272727272727, 0.42045454545454547, 0.625, 0.625, 0.7386363636363636, 0.7386363636363636, 0.9431818181818182, 0.9431818181818182, 1.0]
VNet: [0.0, 0.011363636363636364, 0.022727272727272728, 0.022727272727272728, 0.1590909090909091, 0.1590909090909091, 0.19318181818181818, 0.19318181818181818, 0.2727272727272727, 0.2727272727272727, 0.3181818181818182, 0.3181818181818182, 0.375, 0.375, 0.4318181818181818, 0.4318181818181818, 0.5340909090909091, 0.5568181818181818, 0.5681818181818182, 0.5681818181818182, 0.6022727272727273, 0.6022727272727273, 0.6818181818181818, 0.6818181818181818, 0.7159090909090909, 0.7159090909090909, 0.8522727272727273, 0.8522727272727273, 0.9204545454545454, 0.9204545454545454, 1.0]
