UNet: [0.0, 0.0, 0.0, 0.011764705882352941, 0.011764705882352941, 0.023529411764705882, 0.023529411764705882, 0.047058823529411764, 0.047058823529411764, 0.058823529411764705, 0.058823529411764705, 0.09411764705882353, 0.09411764705882353, 0.10588235294117647, 0.10588235294117647, 0.1411764705882353, 0.1411764705882353, 0.2, 0.2, 0.24705882352941178, 0.24705882352941178, 0.2823529411764706, 0.3058823529411765, 0.4588235294117647, 0.4588235294117647, 0.5882352941176471, 0.5882352941176471, 1.0]
VNet: [0.0, 0.0, 0.0, 0.023529411764705882, 0.023529411764705882, 0.08235294117647059, 0.08235294117647059, 0.10588235294117647, 0.10588235294117647, 0.12941176470588237, 0.12941176470588237, 0.15294117647058825, 0.15294117647058825, 0.16470588235294117, 0.16470588235294117, 0.21176470588235294, 0.21176470588235294, 0.24705882352941178, 0.24705882352941178, 0.5058823529411764, 0.5058823529411764, 0.5294117647058824, 0.5529411764705883, 0.9647058823529412, 0.9882352941176471, 1.0]
