UNet: [0.0, 0.0, 0.0963855421686747, 0.0963855421686747, 0.13253012048192772, 0.13253012048192772, 0.1686746987951807, 0.1686746987951807, 0.18072289156626506, 0.18072289156626506, 0.1927710843373494, 0.1927710843373494, 0.2289156626506024, 0.2289156626506024, 0.3373493975903614, 0.3373493975903614, 0.46987951807228917, 0.46987951807228917, 0.5301204819277109, 0.5301204819277109, 0.5662650602409639, 0.5662650602409639, 0.6024096385542169, 0.6024096385542169, 0.8192771084337349, 0.8192771084337349, 0.8313253012048193, 0.8313253012048193, 0.9759036144578314, 1.0]
VNet: [0.0, 0.012048192771084338, 0.024096385542168676, 0.024096385542168676, 0.13253012048192772, 0.13253012048192772, 0.1686746987951807, 0.1686746987951807, 0.30120481927710846, 0.30120481927710846, 0.3132530120481928, 0.3132530120481928, 0.3493975903614458, 0.3493975903614458, 0.37349397590361444, 0.37349397590361444, 0.40963855421686746, 0.40963855421686746, 0.4578313253012048, 0.4578313253012048, 0.46987951807228917, 0.46987951807228917, 0.5180722891566265, 0.5180722891566265, 0.7469879518072289, 0.7469879518072289, 0.8674698795180723, 0.8674698795180723, 0.8795180722891566, 0.8795180722891566, 1.0]
