UNet: [0.0, 0.0, 0.0, 0.047058823529411764, 0.047058823529411764, 0.058823529411764705, 0.058823529411764705, 0.07058823529411765, 0.07058823529411765, 0.09411764705882353, 0.09411764705882353, 0.17647058823529413, 0.17647058823529413, 0.32941176470588235, 0.32941176470588235, 0.35294117647058826, 0.3764705882352941, 0.3764705882352941, 0.4235294117647059, 0.4235294117647059, 0.49411764705882355, 0.49411764705882355, 0.6588235294117647, 0.6588235294117647, 0.8823529411764706, 0.9058823529411765, 0.9411764705882353, 0.9647058823529412, 1.0]
VNet: [0.0, 0.0, 0.0, 0.011764705882352941, 0.011764705882352941, 0.15294117647058825, 0.15294117647058825, 0.17647058823529413, 0.17647058823529413, 0.24705882352941178, 0.24705882352941178, 0.35294117647058826, 0.35294117647058826, 0.5294117647058824, 0.5529411764705883, 0.5647058823529412, 0.5647058823529412, 0.5764705882352941, 0.5764705882352941, 0.6705882352941176, 0.6705882352941176, 0.6823529411764706, 0.6823529411764706, 0.7294117647058823, 0.7294117647058823, 1.0]
