UNet: [0.0, 0.0, 0.0, 0.056818181818181816, 0.056818181818181816, 0.06818181818181818, 0.06818181818181818, 0.09090909090909091, 0.09090909090909091, 0.11363636363636363, 0.11363636363636363, 0.3409090909090909, 0.36363636363636365, 0.4772727272727273, 0.4772727272727273, 0.5113636363636364, 0.5113636363636364, 0.5568181818181818, 0.5568181818181818, 0.5681818181818182, 0.5681818181818182, 0.7045454545454546, 0.7045454545454546, 0.9090909090909091, 0.9090909090909091, 0.9318181818181818, 0.9318181818181818, 0.9659090909090909, 1.0]
VNet: [0.0, 0.011363636363636364, 0.011363636363636364, 0.03409090909090909, 0.03409090909090909, 0.11363636363636363, 0.11363636363636363, 0.1590909090909091, 0.1590909090909091, 0.20454545454545456, 0.20454545454545456, 0.2159090909090909, 0.2159090909090909, 0.23863636363636365, 0.23863636363636365, 0.36363636363636365, 0.36363636363636365, 0.48863636363636365, 0.48863636363636365, 0.5340909090909091, 0.5568181818181818, 0.5681818181818182, 0.5681818181818182, 0.6590909090909091, 0.6590909090909091, 0.6704545454545454, 0.6704545454545454, 0.7272727272727273, 0.7272727272727273, 1.0]
