UNet: [0.012820512820512822, 0.012820512820512822, 0.012820512820512822, 0.07692307692307693, 0.10073260073260075, 0.13919413919413917, 0.15673799884326198, 0.1805475226527858, 0.21563524195103143, 0.22204549836128784, 0.22845575477154423, 0.24599961442066706, 0.2936186620397147, 0.3287063813379603, 0.33511663774821665, 0.3526604973973395, 0.3590707538075959, 0.3766146134567187, 0.39415847310584146, 0.40056872951609795, 0.4181125891652207, 0.43734335839599, 0.46115288220551376, 0.48496240601503765, 0.5087719298245613, 0.5215924426450741, 0.545401966454598, 0.5582224792751108, 0.5757663389242337, 0.5995758627337575, 0.5995758627337575, 0.6059861191440139, 0.6123963755542703, 0.6123963755542703, 0.6123963755542703, 0.6474840948525159, 0.6474840948525159, 0.6650279545016388, 0.6825718141507616, 0.688982070561018, 0.6953923269712744, 0.7018025833815308, 0.7082128397917872, 0.7320223636013109, 0.7495662232504338, 0.7671100828995566, 0.773520339309813, 0.7799305957200694, 0.8513591671486408, 0.8577694235588972, 0.8641796799691538, 0.8817235396182764, 0.8945440524387892, 0.9137748216695586, 0.9330055909003278, 0.9458261037208405, 0.9696356275303644, 0.9871794871794872, 1.0, 1.0]
VNet: [0.012820512820512822, 0.012820512820512822, 0.012820512820512822, 0.03663003663003663, 0.08926161557740504, 0.10849238480817429, 0.14054366685945632, 0.15808752650857913, 0.17563138615770194, 0.19486215538847115, 0.21409292461924037, 0.22691343743975323, 0.244457297088876, 0.29207634470792365, 0.29848660111818004, 0.33357432041642565, 0.3399845768266821, 0.36379410063620593, 0.3702043570464623, 0.38774821669558507, 0.40529207634470793, 0.42910160015423165, 0.4419221129747446, 0.4594659726238674, 0.4832754964333912, 0.4832754964333912, 0.5008193560825139, 0.5246288798920378, 0.5310391363022942, 0.5374493927125507, 0.5612589165220744, 0.5740794293425873, 0.59162328899171, 0.5980335454019664, 0.6172643146327356, 0.6172643146327356, 0.6300848274532486, 0.6300848274532486, 0.6538943512627723, 0.6603046076730288, 0.6841141314825525, 0.7016579911316754, 0.7401195295932138, 0.7529400424137266, 0.759350298823983, 0.7831598226335069, 0.8007036822826296, 0.8245132060921533, 0.8437439753229228, 0.8612878349720455, 0.8741083477925583, 0.8916522074416812, 0.915461731251205, 0.9218719876614614, 0.9456815114709851, 0.963225371120108, 0.9807692307692308, 0.9871794871794872, 0.9935897435897436, 1.0]
