UNet: [0.06516290726817042, 0.09080393290919607, 0.1100347021399653, 0.1338442259494891, 0.15307499518025833, 0.17688451898978216, 0.20069404279930594, 0.21823790244842878, 0.23105841526894158, 0.2548679390784654, 0.2676884518989782, 0.30277617119722383, 0.32200694042799305, 0.3570946597262387, 0.3699151725467515, 0.38745903219587424, 0.40500289184499705, 0.4225467514941199, 0.4353672643146327, 0.4610082899556584, 0.4674185463659148, 0.48496240601503765, 0.48496240601503765, 0.5170136880663195, 0.5170136880663195, 0.5298342008868325, 0.5298342008868325, 0.5473780605359553, 0.5711875843454791, 0.5840080971659919, 0.6078176209755157, 0.6142278773857721, 0.6493155966840177, 0.6557258530942741, 0.679535376903798, 0.6859456333140543, 0.7034894929631772, 0.7272990167727009, 0.7337092731829574, 0.7512531328320803, 0.7640736456525931, 0.8116926932716405, 0.8181029496818969, 0.8309234625024099, 0.8373337189126664, 0.8437439753229228, 0.8612878349720455, 0.896375554270291, 0.9091960670908038, 0.9330055909003278, 0.9586466165413534, 0.9824561403508771, 0.9824561403508771, 0.9824561403508771, 1.0]
VNet: [0.038461538461538464, 0.06227106227106227, 0.06227106227106227, 0.07981492192018508, 0.10362444572970887, 0.1100347021399653, 0.12926547137073455, 0.16131675342201657, 0.16772700983227298, 0.19153653364179682, 0.1979467900520532, 0.2505783689994216, 0.25698862540967804, 0.30460767302872566, 0.31101792943898204, 0.3285617890881049, 0.3413823019086177, 0.36519182571814146, 0.38900134952766535, 0.4018218623481781, 0.4256313861577019, 0.43845189897821474, 0.4448621553884711, 0.46240601503759393, 0.4974937343358396, 0.503903990746096, 0.5214478503952188, 0.5278581068054752, 0.551667630614999, 0.5692114902641219, 0.5756217466743783, 0.5931656063235011, 0.6188066319645267, 0.6363504916136494, 0.6619915172546752, 0.679535376903798, 0.6923558897243107, 0.7161654135338346, 0.7337092731829574, 0.7337092731829574, 0.7465297860034702, 0.7465297860034702, 0.7529400424137266, 0.7767495662232505, 0.7959803354540197, 0.8023905918642761, 0.8088008482745325, 0.8326103720840563, 0.8390206284943127, 0.8628301523038365, 0.8866396761133603, 0.9041835357624831, 0.9105937921727395, 0.9170040485829961, 0.9345479082321188, 0.9871794871794872, 1.0, 1.0]
